[[-2.38163144e+00  0.00000000e+00  0.00000000e+00 ...  1.30437561e-03
  -7.43521229e-10  0.00000000e+00]
 [-3.18440797e+00  0.00000000e+00  0.00000000e+00 ...  4.46451522e-03
  -5.08997168e-04  0.00000000e+00]
 [-4.79706404e+00  0.00000000e+00  0.00000000e+00 ... -2.87441220e-05
  -2.47875510e-07  0.00000000e+00]
 ...
 [-7.98598793e+00  0.00000000e+00  0.00000000e+00 ... -8.95370429e-05
   7.21914057e-06  0.00000000e+00]
 [-4.57263455e+00  0.00000000e+00  0.00000000e+00 ... -1.33756381e-03
   9.99129407e-05  0.00000000e+00]
 [-5.40422397e+00  0.00000000e+00  0.00000000e+00 ... -1.16491684e-04
   7.85976511e-06  0.00000000e+00]]
